3.591455854611224630e-01 7.207942242374397068e+00
1.121861835705554977e+00 4.709225053769990232e+00
4.974409172717518812e-01 4.205379713322535018e+00
1.176647288683717818e+00 6.290225478613503896e+00
-4.315438532872358790e-01 6.222848543395619991e+00
1.992176304069970705e+00 5.340629078964420628e+00
5.801296406784457460e+00 -1.824255670750626734e+01
2.009243021750841685e+00 3.423187346476967541e+00
4.357319955354270746e+00 -2.253675853968166365e+01
-2.762310005020238268e+00 2.023187274467933783e+00
1.157888251680305514e+00 6.334171389376417771e+00
-9.514328382434680265e+00 -1.165552353879264302e+01
-1.151157962389775946e+01 -7.200980109829588471e+00
-1.185206004842783400e+01 -8.721935239873015888e+00
-1.019868977635210605e+01 -7.971422420755985172e+00
2.704452894032671195e-01 3.587310949833232954e+00
2.656617092625909837e+00 -2.306694105640954717e+01
4.662027079036147548e+00 -2.170471907416153812e+01
-6.039809406120689950e+00 -1.023639696865523518e+01
3.150002247720641080e+00 -1.885515365886655914e+01
-6.678226433586350375e+00 -9.087768207398220000e+00
-1.951480798947482942e+00 6.879920356303292905e+00
-1.009995089379566302e+01 -7.145156131526508858e+00
2.131082153568446103e+00 2.526797316678575100e+00
6.597651938087154000e-02 4.569355293503033266e+00
3.384213759935752464e+00 -1.438906145656660662e+01
-2.842220694635416933e+00 3.940288887127284312e+00
-1.128649258494416507e+01 -1.239948036475903770e+01
2.446906089947828988e+00 -2.153554945552072297e+01
7.752997224985803681e-01 3.962873906884731845e+00
-1.343018120547815819e+01 -1.100240224268738309e+01
1.828004277479149398e+00 1.746422188572345213e+00
-1.487682485040432567e+01 -1.011766090757961756e+01
-1.525329099979992331e-01 6.545650900231290592e+00
-9.855119478443745695e-01 8.276981698920852892e+00
-1.263947163699656073e+01 -1.211587804152083514e+01
1.219253334611190703e-01 4.081140253289142095e+00
8.599644630900000752e-01 5.294671213817309763e+00
6.306067410332071077e+00 -2.275090542237493807e+01
-1.268177108178605295e+01 -8.851493539271423572e+00
5.724710161696137334e+00 -2.111417086308428281e+01
-1.701470233389627218e+00 3.760054673431713290e+00
-1.289149688868884702e+01 -7.897768647203727177e+00
2.768419372110757504e+00 5.714887389517143035e+00
-2.100393435233891548e+00 6.557864517019152295e+00
-1.776874845337235831e+00 5.866298717313904731e+00
-6.971219063241598235e-01 -2.076622906930316503e+01
5.103411654572757250e+00 -2.051363339957238452e+01
4.848487156083992389e+00 4.603334226257673301e+00
-1.432323708211586322e+01 -7.240865884599162250e+00
1.096925921077802624e+00 7.708112628458006377e+00
-3.219822556723499929e+00 6.049533900604470382e+00
-8.408454094687751734e+00 -1.248223540789851072e+01
-1.168246262141659386e+01 -1.699985667799848699e+01
6.734546548627813323e+00 -1.267244343980551413e+01
8.519563276986231726e-01 6.644457485782552020e+00
-1.472744325512822527e+01 -8.710773467176959883e+00
-8.556602120219331198e+00 -5.543271063433321544e+00
4.403658904595071810e+00 -1.823164125635609878e+01
4.607770355685893438e-01 2.425599246245657259e+00
-1.079243810266722647e+01 -9.301650368691117166e+00
-1.112376373024699916e+01 -1.210095373295137833e+01
8.704653757838599404e+00 -1.854656723746855107e+01
3.420294452445116207e+00 5.273127292378855024e+00
6.046781271087148468e+00 -1.920681553360259386e+01
4.122118369014184935e+00 -1.855159356983259400e+01
-1.144961271099368405e+00 6.725391604620913455e+00
4.457068219808220988e+00 -1.899656990607713425e+01
4.353842490612957583e+00 -2.299247687542001728e+01
-7.411628995053472835e+00 -5.422417886443557045e+00
-9.593799642641217318e+00 -1.144886896254411113e+01
1.791976433897744858e+00 -1.935328763465746604e+01
5.043329516707669491e+00 4.532297456496935162e+00
-1.058358743906003419e+01 -6.065622247909384868e+00
1.921774383139228659e+00 9.880278732242775419e-01
8.535492427643839308e-01 6.044056910181057951e+00
4.841588302757533491e+00 -2.005786343811174888e+01
-1.339426823251467447e+00 3.799766931924644098e+00
3.213258793975178662e+00 3.809674192761921319e+00
1.610471801519041568e+00 4.427686888262259757e+00
-8.410981631907457512e+00 -1.002226876934998145e+01
3.352862345646920872e+00 -2.176653345847819665e+01
5.038656220768162441e+00 5.778458095679210871e-01
-2.128005172114030064e+00 3.544944336267852325e+00
4.035860985211969343e+00 -2.067098980632689376e+01
-7.472148861975621337e+00 -1.456035404308874170e+01
5.774622839592642443e+00 -1.981580434957053427e+01
1.288650250985211576e+00 5.654132561927516676e+00
-7.943561175718039991e+00 -1.258145948146173865e+01
3.339648693235003574e+00 -2.011415595564355385e+01
4.585501763763018879e+00 3.346102976773706494e+00
1.026280894204667504e+00 7.830732109244024741e+00
7.912289923156205163e+00 -2.090160747222473248e+01
5.231337001526987329e+00 -1.767685742752638944e+01
1.921603126631480585e+00 -2.335546605826674238e+01
-5.298571439361055013e-01 -1.828409638804560799e+01
1.202017658706890924e+00 5.113303383692166193e+00
-5.938201910453718924e+00 -9.390634181478262121e+00
5.799113387665634889e+00 -2.235625261120416596e+01
-7.380977821559633334e+00 -7.229649593578391986e+00
5.077885213965824818e+00 -1.823366410896748846e+01
-7.568701596353382577e+00 -1.073829900426489559e+01
-6.404244727231765966e-01 2.887033895873582168e+00
-8.234355345221132438e+00 -1.283411110695965718e+01
-1.300429314066478348e+01 -9.832535717818162269e+00
1.898892031210636544e+00 1.591580094070699669e+00
1.222101653894116957e+00 6.592106892912167559e+00
-1.674365406480107787e-01 3.466597807926486752e+00
1.726289982249178401e+00 6.424122631542344308e+00
-3.330185705984529232e+00 4.004388627225210939e+00
5.152017039215044392e+00 -2.622389746026408019e+01
2.320546840916921205e+00 3.067507528397885430e+00
-9.322827265462406032e+00 -1.063017514797498109e+01
-3.257767519476242768e+00 4.350084316260458550e+00
-2.370969641874336897e+00 3.051581722273139174e+00
3.203790484527011095e+00 4.618196561824289503e+00
1.095551385589941473e+00 3.629583822887794575e+00
6.271092263740968065e+00 -1.964371897236923203e+01
-9.350791750633476340e+00 -1.184861878507690847e+01
5.347047382265594173e+00 -2.151705390057539091e+01
-1.498761675713163655e+01 -1.049974684376964618e+01
3.928113026744415315e+00 -1.917155348871955667e+01
6.237228539967109242e+00 -1.910251657841817874e+01
-1.133268069761531294e+01 -9.474714645449708428e+00
7.177826974082730516e+00 -2.030798669235757004e+01
4.630642443264577857e+00 -2.065462744482462654e+01
-1.152197204769943362e+01 -1.075601416448027159e+01
-8.464822651362030825e+00 -1.040685822625029289e+01
-7.009029480363299092e-01 5.229298102894310851e+00
-1.198299441453953129e+01 -1.091165674273694108e+01
6.274102534291973399e+00 -1.896145214647057387e+01
1.719059001772321293e+00 8.232222427373837803e+00
2.970853546617930885e+00 7.225750013003760408e+00
6.463879979648410767e+00 -1.904734703465909718e+01
-1.374981889421763270e+01 -6.078273504940954197e+00
8.129205248618877278e+00 -1.934078998423172635e+01
-4.225625986901873965e+00 5.067563156011056336e+00
-6.059521860474296417e+00 -1.099870753606716178e+01
4.150987809408548834e+00 -2.198615657626974595e+01
6.315575487604919047e+00 -1.724505879289919008e+01
-2.060015570010946373e+00 3.149825254718821466e+00
-8.845356765030700785e+00 -9.525138530770799861e+00
3.152503396512330025e-01 9.967780885698735105e+00
5.891259757125271612e+00 -1.965732547666854302e+01
-7.957909471345322672e+00 -7.328360251947220405e+00
-2.066356562441070466e+00 4.582405283691412201e+00
-1.102085283477845934e+01 -1.367871496293490807e+01
-7.582598586303509691e+00 -1.321216245903786657e+01
-8.016095200465256809e+00 -6.308805472921345192e+00
1.938384253591559414e+00 5.666032904396413272e+00
-2.024161169232021606e-01 -2.357491214677998315e+01
5.145896039775150754e+00 -1.995057345464992693e+01
-4.969018485984807221e+00 -1.135507075355499040e+01
3.716718518807198279e+00 4.219092934641260229e+00
2.402108728644661628e+00 5.387308332210935191e+00
-9.025168167253827534e+00 -1.072079247389749845e+01
3.500851390961798870e-01 6.200274832380076262e+00
5.317461176890949659e-01 -2.030299234092517935e+01
-4.435798506869009783e-01 5.514080277984029443e+00
5.652027377200753655e+00 -1.978989657995075291e+01
-1.685844050490218793e+00 1.687554961559098565e+00
-1.056807776453924319e+01 -1.246007894674483296e+01
3.413960901609716991e+00 -1.867798908538242841e+01
-3.993335588807896408e-01 2.996983627835967390e+00
-1.175699671456167650e+01 -1.051741269659560452e+01
2.673162421144283041e+00 6.747126923532769993e+00
-2.591367214010959485e-01 9.999360263977266072e+00
2.579261286056827807e+00 -2.202653697674718103e+01
-2.100848156134591527e+00 8.367949986817659891e+00
-1.390384310988706140e+01 -1.033323781527571406e+01
4.540099947539201430e+00 -1.894939920505909470e+01
-1.169982003573564810e+01 -6.292826696236497597e+00
-6.842582834682641391e+00 -1.223561970181419056e+01
2.308820205372589918e+00 6.558592550035881708e+00
9.997655562719639510e-01 4.630795887868814908e+00
6.394187136852561792e+00 -2.474747053393392804e+01
-1.365928459807299288e-02 4.246066017732649023e+00
9.027219923812783708e-01 2.864416742798367554e+00
-1.378189063152786442e+00 6.601135261582983915e+00
-6.570856564883349016e+00 9.422783369974508716e+00
-8.940029740514745527e+00 -1.210758261887905718e+01
-1.639332931894254886e+00 6.263549220081474189e+00
2.364410080668162717e+00 -2.060128748916554287e+01
-5.532776658748526089e+00 -1.203551349513140423e+01
-8.849988780413854172e+00 -8.409073537416453803e+00
-1.230814633808802760e+01 -1.031660079590095691e+01
-1.417282913168672209e+01 -1.210254910432657027e+01
-9.565851184425408604e+00 -9.809350878019133191e+00
3.913983204841358088e+00 -1.931990025107200282e+01
4.577135038640352427e+00 -2.053125819419030407e+01
-3.177728224482745834e+00 7.694645772479903556e+00
5.544516189312856724e+00 -2.008784501748055717e+01
6.282982115317093275e+00 -1.989948728903454267e+01
3.272725086774646464e+00 -2.196265464252403277e+01
-8.485896061684899294e+00 -8.205155927292050677e+00
4.032221924890595055e+00 -1.866171982232428306e+01
-1.142095322138549224e-01 7.304505251131772958e+00
3.305141837537162730e-01 3.585248261680376913e+00
-1.140040299781299815e+01 -1.291971971251505025e+01
-5.142215510328867339e-02 6.904911250297979919e+00
-2.765196382251213780e+00 1.368002108284763541e+00
3.235092005683916305e+00 -1.639698934979600864e+01
1.625217333892921889e+00 -1.912548261887367573e+01
-5.767826270168201486e-01 -2.093312681708162870e+00
2.421819745300195503e+00 -2.457804640404678054e+01
6.646403514678786095e+00 -2.382061450972488359e+01
-1.807383616647597169e+00 5.534750514586520787e+00
-2.148037366998581721e+00 3.204040991058885623e+00
-8.959859856350451679e+00 -6.692075575806299526e+00
-1.603713762256903541e+00 4.743572514962407283e+00
4.500027203419701749e+00 -2.060606679234619421e+01
-2.014924717028887091e+00 5.990517709703179428e+00
-1.206910577020262831e+00 5.848808344371377643e+00
-2.003222066414352298e+00 1.042241005304291868e+00
9.181323715663399554e+00 -2.246217628366603236e+01
3.760235531887916594e+00 -1.682596032816140408e+01
-1.220448506104411734e+01 -1.118793161980175555e+01
-8.983660478980695530e+00 -9.796704987418468846e+00
-1.007337333255751943e+01 -1.051025916429125751e+01
-1.200752441411322202e+01 -9.741360587302491325e+00
5.232690010044448670e+00 -2.330389349752004335e+01
-1.054546187118569200e+01 -1.174956353103687334e+01
2.429643865790656498e+00 6.183361439187961217e+00
6.686560856304134548e-01 2.076022719056310528e+00
-1.142659876249787487e+01 -1.175630775859066190e+01
5.865078800641401191e-01 5.167527013660643931e+00
4.963642538412354810e+00 -1.640851174269398527e+01
8.439025834448180774e+00 -1.513984777374948543e+01
-1.557920450969743742e+00 3.027630722805021435e-01
-9.849723943112429936e+00 -9.954584678613242588e+00
-1.204966737971058777e+01 -1.458004622363271885e+01
-5.589069734146668855e-01 4.441019149115472686e+00
-2.537129503022150345e+00 6.702161823604306790e+00
5.514162122165449986e+00 -1.802781451246839239e+01
6.715984652138333288e+00 -2.218605363643947470e+01
3.462278033684131895e+00 -2.578904309694210184e+01
2.425930572916755179e-01 3.309592696492917874e+00
1.984290103545133910e+00 -1.962864172274015573e+01
5.973499320481029606e+00 -2.218326130536438612e+01
-4.227083055757895891e-01 6.505404251141496452e+00
2.825938784828973205e+00 -1.960429476720841180e+01
7.004599677967187077e+00 -2.446878713315903298e+01
1.654059883511711959e+00 7.816589391886128446e+00
8.163231012302039957e+00 -2.062162606799629927e+01
6.797295757096403435e+00 -2.064997035910379353e+01
3.582706148127252188e+00 -2.120843046069494875e+01
3.084721780790040224e+00 6.071843154194736414e+00
6.296541549724227194e-01 5.950360601200776145e+00
3.634541351331855630e+00 -1.673048913797153148e+01
8.506376166203306610e+00 -2.017919842635449612e+01
