3.582470561380420193e+00 -3.936218179484076707e+00
2.861055886497904766e+00 -1.902844593608096213e+00
2.046406091701003405e+00 4.329212103772169251e-01
7.293293698101848577e+00 8.736094512646680466e-01
6.139859156062316359e+00 4.291988043745887382e-01
9.625517478670001736e+00 4.639698055094719109e+00
-2.435847527624725828e+01 4.507389803277175311e+00
4.746615527439129067e+00 2.194207040384204443e+00
-1.985667435744358755e+01 6.244065041088425083e+00
5.273152280579894047e+00 2.005015225447579041e+00
5.509630005340095060e+00 2.356366107253692055e-01
-7.426950961923948213e+00 -7.607432074336404781e+00
-1.582081075862644504e+01 -8.942589235267556447e+00
-5.941989770886725530e+00 -1.353294573268920331e+01
-1.162962952528418015e+01 -1.056512188532217422e+01
7.564620251262718753e+00 2.696226540290646567e-01
-2.045338755556943156e+01 3.385355367930562576e+00
-1.916220097638244013e+01 3.299069310787545284e+00
-8.249750144918973405e+00 -8.994986366691890112e+00
-2.245309900748748078e+01 3.927820888174204494e+00
-9.225984782994812505e+00 -1.014514625177091389e+01
2.513639843371244353e+00 -1.804487785320968429e+00
-1.004986579118780554e+01 -5.753972771497715577e+00
6.809080512751881642e-01 2.147018161663722058e+00
9.867822824380933611e+00 3.639540971546689097e+00
-2.096906874669826237e+01 4.730713026511555341e+00
4.157480449089787200e+00 1.817106728165719609e+00
-1.205664939454830886e+01 -1.585444073513327368e+01
-1.969058973960423131e+01 6.419224836140374535e+00
6.923744810304609310e+00 1.708598213189352011e+00
-1.065861807494406754e+01 -5.961019200396099116e+00
7.533841219345292828e+00 3.394743769323355753e+00
-7.650401645622959990e+00 -1.121507711198907487e+01
3.406322171987242076e+00 -5.786521947901359653e-01
7.400655039266508695e+00 2.178668067705023415e+00
-1.240369813718907288e+01 -9.107047877544548697e+00
1.193588606235687521e+00 2.245208741559148624e+00
4.802794766514947078e+00 1.449705892373923222e+00
-1.715317267958239000e+01 3.069270049614829077e+00
-7.653339436885120861e+00 -1.094469388380241526e+01
-1.980143742059447476e+01 6.259770834218364222e+00
2.620515984756398797e+00 4.242154365846310782e+00
-1.297994794237138905e+01 -8.748188809291461254e+00
2.968102387668840603e+00 -4.118158564341155348e+00
4.188323498948091306e+00 -3.984877420810525872e-01
4.896100408264150161e+00 2.146768875922583142e+00
-1.939078849631669144e+01 2.193506629576743361e+00
-1.989140624889033404e+01 2.445314495716603531e+00
3.590471432517402306e+00 -2.636351673125762574e+00
-1.088765379429016633e+01 -1.099493899194680857e+01
4.491955708039349737e+00 2.446773473437942492e+00
9.028264849289152849e+00 3.165562930240957584e+00
-7.930471167970562618e+00 -1.077004149833346425e+01
-1.197850019121657716e+01 -7.074750426844836682e+00
-1.566747663083176079e+01 6.587431893886039447e+00
6.052087393012931749e+00 3.776480452142084721e-01
-9.154538772392424306e+00 -1.323756629371237103e+01
-1.063784806474151701e+01 -8.903490928330207055e+00
-2.105181144398805770e+01 4.768448534241073844e+00
3.397681546482116843e+00 2.661876855889410698e-01
-8.837327650322711392e+00 -1.053698976503322626e+01
-1.260298327852953904e+01 -1.439226858041363499e+01
-2.277104191660202304e+01 2.767203088141813261e+00
3.926165665669382410e+00 -1.458488880822228051e+00
-1.745031585297415688e+01 6.442622946985387067e+00
-1.869360166942902168e+01 5.893513790357380877e+00
3.615471044048956806e+00 9.803776119304850878e-03
-1.694305540665703447e+01 8.453998378229890420e+00
-1.809194428334443216e+01 4.852884826363719206e+00
-9.379976702747352846e+00 -9.567512784311885454e+00
-1.261237967988726361e+01 -8.923005978360111001e+00
-1.710680277558257245e+01 6.222773590854511205e+00
6.920954999141029518e+00 -4.426465572077434851e-01
-1.037874021667797564e+01 -1.054515637104765169e+01
3.995327559156048647e+00 3.746061120424232449e+00
5.948076986689856405e+00 1.866038363956167512e+00
-2.439080750305690870e+01 6.528090386248411647e+00
6.692675738994035228e+00 -3.066783552390489387e+00
4.487306239765043614e+00 1.467943662491695722e+00
2.998845460080189262e+00 1.979197641743676295e+00
-1.325681001929828895e+01 -1.047975425576198027e+01
-2.063233519683247152e+01 2.712218677602797889e+00
2.590467184653810762e-01 -1.062812749442129778e+00
2.820317277417620172e+00 -2.126067462102095573e-01
-2.251526415288885374e+01 4.498977757469795336e+00
-9.946428005865060484e+00 -1.070240744944203826e+01
-2.256599008460443656e+01 5.559622002911360994e+00
4.052025638054703727e+00 2.656602582114753752e-01
-8.687866761149608763e+00 -1.012192471480188161e+01
-2.030695626847779423e+01 3.307390854849746376e+00
4.484391883669188061e+00 1.015181222798587690e+00
6.107955748058602197e+00 -2.294118104017043969e+00
-1.707035841007323285e+01 8.089622836543137296e+00
-2.088170081423074720e+01 6.400193152188258239e+00
-2.068682636117921447e+01 7.787877743171723210e+00
-2.360914236906118191e+01 4.128248492464524411e+00
3.639089582324895655e+00 3.395613122250556781e+00
-8.248196667879760469e+00 -1.053207799567798020e+01
-2.072111913048962606e+01 4.546331483483344371e+00
-9.571340766453188209e+00 -1.294498107608932891e+01
-1.900607727982193751e+01 6.420600925702020234e+00
-7.720874388714406678e+00 -8.580041056939768040e+00
5.468825863611153082e+00 -4.992404955584582638e+00
-9.556512393041044717e+00 -1.019548749576927449e+01
-6.606177229341565926e+00 -7.561982110702943238e+00
3.104965942431912929e+00 2.119520762728430707e+00
1.810004735588728764e+00 1.123547266813100576e+00
6.493470386100403502e+00 9.252332653680991337e-01
2.554493066697486992e+00 3.378915269910861552e-01
1.698391058100697126e+00 4.401901753729342559e-01
-2.098745134610356189e+01 8.404319021822550084e+00
4.705325438705541430e+00 1.317895230529471773e+00
-1.131285064488695369e+01 -5.846129931966575377e+00
7.779028369636211693e+00 -9.674233745984169852e-01
4.178564263324055617e+00 3.700365763400497610e+00
1.987931462751448386e+00 -2.344418552485775464e+00
3.211463645937968181e+00 3.295879867319283729e+00
-1.868358531718206450e+01 5.249740583348709855e+00
-5.542657350559048623e+00 -9.435431618041810964e+00
-1.962286349968721666e+01 1.385575702734287873e+00
-1.317590619437898347e+01 -1.084341939155365964e+01
-2.033454124690467779e+01 5.395130329487300536e+00
-2.239448952346344512e+01 2.469654798146653452e+00
-1.324491718475544033e+01 -1.310824810690913367e+01
-2.309281008381929823e+01 8.029664742882710371e+00
-2.117148881145058326e+01 7.340587739927306288e+00
-6.317741907248944244e+00 -1.038358110662350242e+01
-8.394003770866973468e+00 -9.541389906079588812e+00
7.810994908410906490e+00 2.192055490396081829e+00
-1.156488058551159348e+01 -1.343392609026452078e+01
-2.277392029348942870e+01 5.590719979299705322e+00
1.348495792237302648e+00 -1.879194423695995875e+00
3.614827882910864432e+00 1.662271720326339297e+00
-1.838668740915797528e+01 9.518056137267070227e+00
-9.935166826262452844e+00 -8.983919921435701283e+00
-2.120051701474486450e+01 2.024971935776065379e-01
2.739314137047696551e+00 3.964446937540068383e+00
-1.078427433080476128e+01 -9.487115622484532551e+00
-2.357017611036444293e+01 6.840435575782763955e+00
-1.859187503415443032e+01 6.141087933576407920e+00
1.082128962067615774e+00 4.756206551704458274e-01
-1.285187295684146491e+01 -9.528570559851415211e+00
4.659360792677860630e+00 -2.962168589499447613e+00
-2.165903403402816352e+01 9.189637642274709251e+00
-1.035318668493381189e+01 -7.990559624376146530e+00
1.096193466788490412e+01 1.719017370310483628e+00
-1.133722586906006669e+01 -1.064767526293104716e+01
-1.087289657938561405e+01 -1.229542358888007847e+01
-1.184474090388042811e+01 -6.656779560116372174e+00
6.924782034204722159e+00 2.403971377228095729e+00
-1.881823691771973017e+01 2.300208287315914202e+00
-2.066559477373589004e+01 7.303008244531469018e+00
-1.144885519085091552e+01 -1.025372068835954487e+01
8.087355706316342818e+00 -3.086004994861091255e-02
6.748442293183098073e+00 -9.439268882957305706e-01
-9.578686353160190237e+00 -1.204109242324930307e+01
5.829093961771270926e+00 2.618549384198952890e+00
-1.735556241573206648e+01 6.700892162533804708e+00
6.152769259526566614e+00 -6.204714462015941123e-01
-2.023616708792441088e+01 7.592091143954430521e+00
1.430521159237519324e+00 -2.696666619072170867e+00
-9.488791605077979696e+00 -7.323066165675535366e+00
-2.171921239266286818e+01 5.583390079077942936e+00
5.194141410609187659e+00 -2.297773454961088146e-01
-9.528398467485406087e+00 -1.336135919305685249e+01
2.482682476070805055e+00 -2.824649546383947385e+00
3.456896874884783255e+00 3.107147780997707720e+00
-2.113790061709883616e+01 6.527262725660008869e+00
3.667921036881364394e+00 2.010474147062250250e+00
-1.069813995234500936e+01 -7.994396993492975056e+00
-2.121281066927100056e+01 4.347183438781008213e+00
-6.621971995555434809e+00 -1.004345286283157890e+01
-1.216280292567990173e+01 -6.392035414259666481e+00
5.690420355188660295e+00 1.201360873464872997e-01
6.329043721879279438e+00 -8.057267447548316364e-01
-1.974100233960536954e+01 6.612286242624386468e+00
2.724708636505145165e+00 -2.166070704470685337e-01
2.565458449741341962e+00 1.098026433458955564e+00
5.438775679420345455e+00 -5.964961826079145935e-01
4.680418899060195592e+00 -1.231746497833359877e+00
-7.327206207083465372e+00 -8.172509457462545868e+00
5.886453257294824937e+00 2.043333283338348919e-02
-1.970278379786488543e+01 6.833426255046596509e+00
-1.149793539095217199e+01 -1.143568674238451521e+01
-8.957773051757866867e+00 -7.836356707532184274e+00
-9.958265498452293585e+00 -8.684533212759603771e+00
-7.107331488843964706e+00 -1.492456014527337693e+01
-8.366390373872761188e+00 -1.147181024254856574e+01
-1.778674253531253768e+01 3.253075030114437105e+00
-2.067119483255329015e+01 2.557834677908438881e+00
4.058172725804347181e+00 -1.018887216356771708e+00
-1.785563956034217625e+01 7.572267368757193751e+00
-1.886091646926390908e+01 4.127452745242836230e+00
-1.699217203480837313e+01 3.675576547423680118e+00
-1.084404960811509966e+01 -7.029312749578646269e+00
-1.808382313466427505e+01 6.294276498918622842e+00
4.391728604826972138e+00 -1.021319762499823813e+00
3.940822433469097774e+00 -5.090557269514135008e+00
-1.079506877243875884e+01 -1.086293839590420696e+01
3.783045029940332427e+00 2.665610595587428744e+00
7.382180138700904060e+00 -1.215234477163398497e+00
-1.891838076519076850e+01 6.344400298260868709e+00
-2.051280980635488405e+01 6.169054120602516456e+00
3.593687959524721531e+00 4.982334668291939828e+00
-1.760222470193819788e+01 6.145064417147009017e+00
-2.006358716692747990e+01 8.582369082930203064e+00
8.881124244894857966e-01 2.835598770808135383e-01
3.278701946128750322e+00 -2.862691103278532712e+00
-6.927203542015953452e+00 -9.296758705616360530e+00
5.367259243016380132e+00 -1.079756424253994762e+00
-2.071955909967752518e+01 3.402222856106816629e+00
-1.607342412575070156e-01 2.099408838487915485e+00
4.415598773352116702e+00 1.135999921317764949e+00
6.265480549640072283e+00 1.528817909482000692e+00
-2.028827496939175390e+01 2.099685372662685623e+00
-2.162117255175286346e+01 5.697747393829263096e+00
-1.115581399350810976e+01 -6.905161886300897223e+00
-9.818299456089720323e+00 -1.132207779351134391e+01
-9.531770694823881840e+00 -7.358689949602015723e+00
-7.993215337349798943e+00 -9.344691132152656010e+00
-2.172579476361890727e+01 4.032917284583600548e+00
-7.550287146151122286e+00 -1.141579819769258819e+01
4.321462756137754546e+00 -4.968908384133808198e+00
7.291281003091208746e+00 -7.179167125282921447e-01
-1.538787532083879483e+01 -8.477072414630995922e+00
2.959180769498436003e+00 -1.913279305086645010e+00
-2.031531989202586175e+01 3.626406593700171932e+00
-1.865743810588954332e+01 3.996089025915843251e+00
6.343589364854764767e+00 -8.081273971824047830e-01
-1.092311834804846882e+01 -1.296789950044261630e+01
-1.002915460027529448e+01 -7.778543505373226807e+00
8.287887333786819966e+00 1.931340248504481938e+00
6.282928908450227112e+00 1.496406251264281173e-01
-1.682410366819799208e+01 4.231376868611373965e+00
-2.230105811439539210e+01 9.158213456852493550e+00
-2.065427738841709981e+01 5.058602379693724949e+00
6.876943099126403780e+00 2.015814413627550650e+00
-2.422946117661520660e+01 2.137481412868776687e+00
-1.997675106446156335e+01 5.101568478893144132e+00
4.394174960815693254e+00 -4.853417473670806892e-01
-2.161362250594908119e+01 -3.474348273723073532e-01
-1.938801516256554081e+01 5.508486871724697309e+00
5.050241383535083450e+00 -2.895005517822010876e+00
-2.126223035746513190e+01 4.959481132681504256e+00
-2.056444284159728397e+01 1.062062016117750929e+01
-2.107007939603244395e+01 4.416874479650543250e+00
7.533908828112519274e+00 -3.780536408526710357e+00
5.159796437220070864e+00 -1.657663864074635507e+00
-1.802871384816963030e+01 7.035255422826431015e+00
-2.035701288131763675e+01 3.624757272236950989e+00
